1.999999999999957541e-04
9.400000000000128739e-03
7.839999999999992808e-02
6.709999999999996523e-02
1.312999999999998058e-01
8.759999999999995568e-02
9.360000000000040510e-02
1.627000000000001223e-01
1.390999999999996128e-01
1.274999999999996414e-01
1.899000000000005128e-01
1.839999999999998859e-01
1.315000000000000890e-01
1.312000000000000666e-01
8.630000000000015437e-02
3.980000000000000898e-02
4.740000000000003239e-02
1.729999999999999594e-02
1.099999999999999199e-03
1.999999999999999825e-04
