8.400000000000032441e-03
-2.700000000000004480e-02
2.000000000000014613e-02
6.820000000000017715e-02
5.269999999999989970e-02
-2.139999999999988092e-02
3.549999999999994826e-02
4.499999999999988037e-02
7.839999999999980318e-02
1.046999999999999598e-01
2.185000000000001941e-01
3.632000000000010220e-01
4.792999999999997818e-01
4.436999999999999833e-01
2.594000000000001305e-01
1.105000000000000843e-01
2.100000000000000477e-02
6.999999999999996676e-04
0.000000000000000000e+00
0.000000000000000000e+00
