-7.529999999999976990e-02
7.460000000000011067e-02
1.900000000000001341e-02
7.819999999999988072e-02
6.190000000000011465e-02
1.019000000000001710e-01
1.103000000000000508e-01
1.836999999999996136e-01
2.335000000000004572e-01
3.808999999999999053e-01
5.061999999999988731e-01
4.927000000000003044e-01
2.821999999999992847e-01
1.947000000000000397e-01
1.675000000000000377e-01
1.040999999999997760e-01
7.009999999999996789e-02
3.899999999999997913e-02
1.890000000000002095e-02
6.800000000000001356e-03
