-9.040000000000029956e-02
9.949999999999976918e-02
-2.549999999999986305e-02
5.419999999999979001e-02
2.709999999999987072e-02
5.550000000000017419e-02
-3.470000000000006413e-02
3.839999999999913621e-02
2.875999999999991341e-01
5.807000000000095419e-01
3.050000000000000488e-01
3.999999999999999650e-04
0.000000000000000000e+00
0.000000000000000000e+00
0.000000000000000000e+00
0.000000000000000000e+00
0.000000000000000000e+00
0.000000000000000000e+00
0.000000000000000000e+00
0.000000000000000000e+00
