-5.739999999999991637e-02
4.779999999999998833e-02
-5.650000000000003630e-02
-7.900000000000025058e-03
-7.899999999999997302e-02
-3.999999999999995920e-02
-9.050000000000001099e-02
-7.699999999999847591e-03
-1.706000000000002237e-01
-4.123999999999992672e-01
-5.652999999999984704e-01
-4.957999999999999630e-01
-3.341000000000000081e-01
-2.205000000000002236e-01
-1.115000000000000990e-01
-7.060000000000005160e-02
-3.609999999999998627e-02
-1.949999999999999997e-02
-7.099999999999995204e-03
-1.399999999999999769e-03
