-4.790000000000002589e-02
2.269999999999998061e-02
-5.580000000000007176e-02
-1.829999999999997601e-02
-7.249999999999995337e-02
-4.280000000000029614e-02
-1.054999999999997606e-01
-1.908999999999989594e-01
-3.506000000000011330e-01
-5.574000000000013388e-01
-4.753000000000003333e-01
-3.519000000000002126e-01
-2.817999999999996619e-01
-9.409999999999996145e-02
-9.719999999999993923e-02
-6.299999999999995881e-02
-4.380000000000000560e-02
1.699999999999997520e-03
-1.410000000000000142e-02
-2.999999999999996485e-04
