-1.007000000000001783e-01
1.323000000000002230e-01
-5.189999999999978658e-02
-9.700000000000041922e-03
-9.000000000000012157e-02
-1.124000000000001664e-01
-3.839999999999984398e-02
4.640000000000045477e-02
-4.179999999999985116e-02
-4.482999999999979779e-01
-7.325999999999978085e-01
-6.928999999999997383e-01
-4.034999999999999143e-01
-1.994000000000000494e-01
-1.060999999999998611e-01
-6.149999999999996442e-02
-4.559999999999998777e-02
-4.390000000000001540e-02
-1.489999999999999832e-02
-2.599999999999999881e-03
