-3.270000000000002766e-02
-5.999999999998610611e-04
3.310000000000008769e-02
1.099999999999948241e-03
-6.600000000000010372e-03
-6.169999999999987994e-02
-2.920000000000007659e-02
3.680000000000002019e-02
5.900000000000000383e-02
-5.869999999999998136e-02
-1.061999999999999611e-01
-6.350000000000001477e-02
-3.490000000000000741e-02
-9.710000000000010290e-02
-5.690000000000011715e-02
-1.260000000000000876e-02
-6.799999999999986611e-03
-2.499999999999999185e-03
0.000000000000000000e+00
0.000000000000000000e+00
