9.999999999999141520e-04
5.009999999999990850e-02
-9.839999999999993197e-02
4.449999999999987993e-02
-6.999999999999995115e-02
2.009999999999994083e-02
4.029999999999994698e-02
-8.690000000000006053e-02
-1.149999999999991480e-02
-1.470000000000002034e-02
-1.299999999999994563e-02
-1.669999999999999263e-02
-1.082999999999998963e-01
-4.229999999999994181e-02
-2.350000000000002087e-02
-2.939999999999998517e-02
-1.689999999999999836e-02
-1.090000000000000170e-02
5.000000000000006609e-04
-2.000000000000000909e-04
