-1.699999999999989714e-02
2.690000000000006275e-02
-2.609999999999990453e-02
5.400000000000012429e-03
-4.030000000000014820e-02
-5.270000000000004542e-02
1.050000000000009953e-02
1.410000000000005346e-02
-3.970000000000005469e-02
-8.089999999999990254e-02
-1.455000000000001292e-01
-2.031000000000000583e-01
-1.912999999999999701e-01
-1.362999999999999767e-01
-4.290000000000002839e-02
0.000000000000000000e+00
0.000000000000000000e+00
0.000000000000000000e+00
0.000000000000000000e+00
0.000000000000000000e+00
