-7.470000000000018292e-02
6.450000000000018219e-02
-1.479999999999998851e-02
-1.120000000000002764e-02
-7.319999999999990403e-02
-9.750000000000001721e-02
-6.460000000000003240e-02
-8.240000000000005653e-02
-8.300000000000014311e-02
-1.418999999999997208e-01
-2.715000000000008518e-01
-4.469000000000010187e-01
-5.873000000000009324e-01
-4.796000000000003038e-01
-2.463999999999997026e-01
-5.900000000000001077e-02
-4.300000000000000003e-03
0.000000000000000000e+00
0.000000000000000000e+00
0.000000000000000000e+00
