4.699999999999992378e-03
-5.509999999999998926e-02
3.299999999999977431e-03
4.789999999999997038e-02
1.940000000000000752e-02
3.999999999999910745e-04
-4.049999999999995964e-02
-2.630000000000001434e-02
1.350000000000001546e-02
3.300000000000020799e-03
-7.499999999999996253e-03
0.000000000000000000e+00
0.000000000000000000e+00
0.000000000000000000e+00
0.000000000000000000e+00
0.000000000000000000e+00
0.000000000000000000e+00
0.000000000000000000e+00
0.000000000000000000e+00
0.000000000000000000e+00
