-2.290000000000007654e-02
4.299999999999984390e-03
-5.580000000000001625e-02
-3.000000000000078992e-03
-7.619999999999975404e-02
-9.889999999999998792e-02
2.129999999999999255e-02
-3.319999999999978524e-02
-9.030000000000013016e-02
-1.438000000000000111e-01
-3.189999999999997837e-01
-3.043000000000001259e-01
-3.102000000000005864e-01
-2.426999999999996660e-01
-2.497999999999995779e-01
-1.473000000000002363e-01
-5.809999999999993642e-02
-2.009999999999999981e-02
-4.999999999999997936e-04
0.000000000000000000e+00
