-7.000000000000002748e-03
8.600000000000024292e-03
-4.229999999999992794e-02
-5.080000000000008120e-02
-6.300000000000011147e-02
-2.599999999999992942e-02
-1.917999999999999428e-01
-3.079999999999997323e-02
-6.449999999999961320e-02
-1.028999999999996029e-01
-1.644000000000000461e-01
-2.319999999999993179e-01
-9.920000000000028795e-02
-1.259999999999999176e-01
-1.544999999999999707e-01
-2.330000000000004567e-01
-2.232000000000000095e-01
-7.840000000000015012e-02
-1.540000000000000223e-02
-2.499999999999999618e-03
