1.049999999999997116e-02
-9.799999999999987541e-03
-2.750000000000006259e-02
1.500000000000001159e-02
-7.700000000000086116e-03
4.380000000000006111e-02
-6.000000000000215231e-04
4.300000000000019085e-03
2.680000000000009111e-02
-1.247000000000001996e-01
-2.116999999999998883e-01
-3.026000000000003687e-01
-2.656000000000001138e-01
-2.015000000000000957e-01
-7.280000000000008686e-02
-8.399999999999999481e-03
0.000000000000000000e+00
0.000000000000000000e+00
0.000000000000000000e+00
0.000000000000000000e+00
