2.909999999999999393e-02
-9.899999999999922751e-03
-4.029999999999996085e-02
-2.359999999999993353e-02
8.350000000000010192e-02
9.279999999999999361e-02
1.300000000000002195e-02
-5.860000000000006870e-02
2.799999999999929282e-03
6.090000000000010683e-02
7.349999999999998201e-02
7.899999999999995914e-02
4.429999999999995053e-02
7.099999999999990867e-03
1.589999999999999747e-02
-5.500000000000004885e-03
-7.700000000000001114e-03
1.800000000000000384e-03
0.000000000000000000e+00
0.000000000000000000e+00
