-1.380000000000001364e-02
4.719999999999999196e-02
-4.000000000000513561e-04
6.079999999999993743e-02
1.400000000000016682e-02
4.010000000000008696e-02
4.900000000000003658e-02
5.159999999999996534e-02
1.242999999999996469e-01
6.649999999999994804e-02
6.280000000000009186e-02
9.129999999999996452e-02
8.950000000000017664e-02
1.953999999999997128e-01
1.974000000000000754e-01
1.439999999999999614e-01
6.249999999999990979e-02
2.600000000000002483e-03
-6.900000000000003353e-03
-3.000000000000000279e-04
