4.500000000000121958e-03
3.239999999999983865e-02
-1.800000000000002986e-03
5.559999999999982317e-02
5.460000000000015535e-02
1.285000000000001141e-01
1.193999999999997980e-01
9.270000000000024054e-02
5.859999999999970788e-02
8.950000000000027378e-02
1.273000000000006071e-01
1.523000000000002130e-01
1.901000000000002133e-01
1.405000000000001525e-01
1.222999999999999921e-01
1.011000000000000509e-01
8.560000000000003717e-02
2.520000000000000365e-02
1.369999999999999864e-02
5.999999999999998390e-04
