1.499999999999997342e-02
1.899999999999989805e-03
3.529999999999991478e-02
2.660000000000008885e-02
2.770000000000006138e-02
1.252000000000000335e-01
3.860000000000016890e-02
7.860000000000026688e-02
1.068000000000001309e-01
1.134000000000001951e-01
1.997999999999997001e-01
2.631999999999994899e-01
2.252999999999986958e-01
2.206000000000001848e-01
1.845000000000003304e-01
1.255999999999998507e-01
8.600000000000009026e-02
6.280000000000013349e-02
2.239999999999999283e-02
4.000000000000000192e-04
