-4.099999999999999478e-02
3.650000000000008793e-02
1.779999999999996516e-02
1.145000000000000323e-01
1.131999999999998008e-01
5.490000000000020558e-02
1.151999999999998026e-01
1.421000000000003649e-01
2.203000000000002179e-01
3.024000000000002797e-01
3.045000000000005480e-01
3.134000000000002339e-01
2.994999999999998774e-01
2.504999999999997229e-01
2.194999999999995843e-01
1.298999999999999599e-01
9.010000000000011056e-02
4.179999999999998994e-02
1.359999999999999404e-02
1.000000000000000021e-03
